   <!-- <section class="arrow--container">
                <svg xmlns:dc="http://purl.org/dc/elements/1.1/" xmlns:cc="http://creativecommons.org/ns#"
                    xmlns:rdf="http://www.w3.org/1999/02/22-rdf-syntax-ns#" xmlns:svg="http://www.w3.org/2000/svg"
                    xmlns="http://www.w3.org/2000/svg" width="90.919117mm" height="100.67556mm"
                    viewBox="0 0 62.919117 78.67556" version="1.1" id="svg1124">
                    <g transform="translate(-108.13459,-82.794868)">
                        <path class="path1"
                            style="fill:none;stroke:#000000;stroke-width:0.566;stroke-linecap:butt;stroke-linejoin:miter;stroke-miterlimit:4;stroke-dasharray:none;stroke-opacity:1"
                            d="m 170.67415,146.6249 c -0.51733,3.74892 -2.34407,7.30422 -5.09067,9.90773 -3.38087,3.20474 -8.15241,4.90618 -12.79337,4.50357 -1.47975,-0.12837 -2.94985,-0.46358 -4.29917,-1.08444 -1.34933,-0.62086 -2.57591,-1.53437 -3.47896,-2.71363 -0.98693,-1.28879 -1.56317,-2.86086 -1.81699,-4.46417 -0.25381,-1.6033 -0.19697,-3.24214 -0.009,-4.85455 0.28012,-2.40918 0.89565,-4.87674 2.44087,-6.74622 0.43215,-0.52284 0.93513,-0.99337 1.51856,-1.33938 0.58342,-0.34601 1.25062,-0.56409 1.9289,-0.57071 0.62687,-0.006 1.24563,0.16712 1.81628,0.42667 0.57065,0.25956 1.09814,0.60405 1.61617,0.95712 0.88676,0.60438 1.75976,1.24372 2.48774,2.03217 0.72797,0.78846 1.30902,1.74013 1.51921,2.79247 0.21887,1.09581 0.023,2.24776 -0.4138,3.27632 -0.43677,1.02856 -1.1044,1.94427 -1.84201,2.7837 -2.65846,3.0254 -6.24722,5.12245 -10.02386,6.52153 -1.65636,0.6136 -3.3673,1.10425 -5.12172,1.30928 -1.75443,0.20503 -3.55749,0.11822 -5.24573,-0.40127 -2.3108,-0.71106 -4.32824,-2.21282 -5.90434,-4.04621 -3.0097,-3.50101 -4.43697,-8.10953 -5.07986,-12.68141 -1.11682,-7.94222 -0.0912,-16.02318 -0.46577,-24.03478 -0.15547,-3.3256 -0.55267,-6.63858 -1.15029,-9.91374 -0.72327,-3.96376 -1.74659,-7.89172 -3.37083,-11.579049 -1.70261,-3.865258 -4.03918,-7.411095 -6.12356,-11.084576 -0.46233,-0.814811 -0.91256,-1.636491 -1.35049,-2.464677"
                            id="path1747" />
                        <path class="path2"
                            style="fill:none;stroke:#000000;stroke-width:0.566;stroke-linecap:butt;stroke-linejoin:miter;stroke-miterlimit:4;stroke-dasharray:none;stroke-opacity:1"
                            d="m 110.42097,83.156646 -1.90851,11.539687" id="path1781" />
                        <path class="path3"
                            style="fill:none;stroke:#000000;stroke-width:0.566;stroke-linecap:butt;stroke-linejoin:miter;stroke-miterlimit:4;stroke-dasharray:none;stroke-opacity:1"
                            d="m 118.3275,85.904193 -7.90653,-2.747547" id="path1787" />
                    </g>
                </svg> -->
